VideoPlayer is turned on(221;39;110)(204;149;121)(103;48;181)(246;214;73)(196;99;197)
(4;105;92)(39;27;126)(103;2;24)(132;142;73)(215;225;72)
(134;164;164)(89;11;53)(236;239;188)(157;175;66)(145;8;203)
(70;27;106)(108;134;154)(181;39;199)(78;66;90)(84;232;45)
(89;77;17)(91;175;5)(219;127;0)(183;13;211)(216;56;18)
(69;253;133)(200;191;210)(52;57;59)(43;18;235)(72;44;20)
(131;104;54)(47;194;232)(137;170;200)(127;121;225)(134;250;249)
(68;181;82)(53;41;38)(126;9;206)(227;138;136)(164;72;113)
(164;97;39)(241;150;183)(128;135;253)(202;0;91)(56;97;20)(32;123;103)(83;76;89)
(214;74;163)(82;244;69)(70;228;156)(222;76;90)(35;12;27)
(209;63;156)(251;35;149)(81;77;51)(37;77;189)(17;65;6)
(252;20;175)(229;11;126)(121;38;60)(223;83;163)(24;90;184)
(206;185;143)(74;76;216)(42;219;58)(85;130;37)(98;86;97)
(51;92;45)(211;28;194)(175;214;123)(140;188;60)(167;213;82)
(33;243;135)(188;123;162)(191;50;62)(51;148;1)(156;224;242)
(45;146;215)(22;42;152)(209;143;235)(233;129;121)(174;121;117)
(190;119;33)(196;203;80)(146;202;194)(188;190;238)(5;162;14)(237;125;181)(77;15;67)
(186;54;72)(33;206;20)(138;70;5)(60;40;174)(68;232;22)
(221;44;97)(81;206;222)(128;132;215)(131;104;104)(63;214;32)
(47;194;116)(254;167;192)(220;145;84)(115;11;168)(207;246;223)
(121;200;86)(58;16;189)(139;49;17)(51;10;136)(195;51;21)
(224;208;117)(58;49;249)(63;124;152)(37;93;62)(163;21;207)
(90;50;30)(60;127;230)(194;125;208)(178;183;93)(44;10;146)
(226;180;86)(20;56;59)(234;58;92)(25;79;14)(94;47;68)
(230;41;120)(133;193;65)(137;190;68)(179;72;195)(234;135;211)(221;247;220)(64;236;89)
(115;177;125)(224;203;93)(222;77;91)(241;116;63)(235;23;240)
(132;175;166)(1;158;208)(74;121;16)(198;45;96)(72;152;54)
(237;226;197)(154;58;120)(146;109;48)(60;74;215)(113;103;63)
(29;90;154)(97;109;79)(87;26;198)(120;212;18)(130;42;108)
(2;235;245)(49;210;139)(39;36;128)(45;180;226)(55;184;180)
(86;100;53)(128;151;46)(209;81;221)(196;218;188)(42;17;90)
(148;244;200)(110;226;86)(97;134;70)(221;229;137)(56;129;30)
(216;161;53)(212;157;51)(233;93;92)(2;112;104)(136;40;14)(3;222;211)(16;58;81)
(28;175;193)(201;188;109)(28;170;143)(88;15;245)(66;68;237)
(130;209;79)(70;76;159)(138;190;98)(62;162;111)(123;143;184)
(103;189;52)(3;196;96)(60;243;185)(226;171;142)(113;23;182)
(166;23;149)(232;247;24)(76;198;110)(65;100;34)(0;19;107)
(228;116;102)(96;68;4)(99;86;135)(57;41;55)(181;17;218)
(214;95;33)(248;4;99)(154;61;3)(214;59;178)(187;130;96)
(156;219;23)(4;211;87)(65;139;22)(245;107;149)(142;121;76)
(243;175;120)(222;237;31)(206;50;81)(90;131;204)(41;172;93)(72;27;206)(198;10;66)
(48;202;33)(188;146;250)(226;10;157)(125;206;231)(125;252;49)
(157;218;172)(153;167;135)(215;143;161)(34;30;70)(25;13;60)
(175;78;140)(221;249;80)(105;9;29)(18;93;192)(12;151;85)
(10;34;222)(110;224;103)(137;122;181)(134;238;121)(134;55;151)
(191;176;164)(156;30;175)(79;45;71)(150;79;78)(5;21;165)
(239;138;73)(190;208;182)(82;39;216)(89;148;172)(126;130;209)
(33;49;94)(114;15;94)(8;21;19)(72;147;114)(173;179;21)
(34;248;181)(134;223;21)(224;3;165)(104;231;7)(59;151;207)(152;208;147)(65;39;243)
(141;176;31)(215;156;99)(238;162;180)(141;134;148)(139;227;141)
(119;22;142)(18;205;108)(178;238;95)(135;219;112)(146;78;210)
(75;82;38)(22;219;28)(104;27;230)(24;167;220)(93;162;224)
(230;209;237)(225;202;216)(124;17;242)(58;78;42)(231;110;12)
(107;108;150)(46;215;110)(145;21;157)(144;215;110)(166;49;135)
(58;223;100)(237;192;181)(253;82;17)(199;219;214)(98;219;45)
(29;203;175)(29;89;78)(11;135;241)(231;104;108)(167;102;120)
(142;66;150)(94;30;223)(248;155;23)(23;149;114)(117;176;140)(78;67;217)(19;14;22)
(135;134;140)(191;94;175)(83;222;86)(72;108;9)(40;194;84)
(188;180;35)(243;146;144)(141;32;249)(161;163;157)(110;105;84)
(8;74;225)(202;187;192)(153;15;8)(99;57;164)(127;63;146)
(237;49;56)(136;44;201)(218;77;246)(185;37;101)(220;77;85)
(145;36;97)(154;222;208)(66;194;76)(166;86;12)(204;151;177)
(60;198;12)(193;247;156)(233;7;115)(88;161;193)(226;102;152)
(227;169;131)(125;190;20)(73;15;252)(207;125;36)(69;97;253)
(10;224;28)(116;167;40)(187;113;119)(241;130;69)(210;123;106)(207;250;42)(37;216;173)
(3;30;220)(107;130;227)(18;5;124)(161;243;197)(104;132;36)
(53;51;244)(199;47;96)(60;45;60)(174;240;148)(253;239;191)
(103;150;195)(25;35;92)(214;242;134)(18;133;38)(177;89;76)
(226;227;98)(51;193;49)(45;41;209)(65;250;19)(16;151;88)
(105;73;14)(110;78;118)(110;203;245)(43;219;69)(96;66;239)
(68;157;215)(46;14;11)(6;122;211)(155;215;127)(65;153;156)
(94;179;76)(232;235;208)(114;183;46)(28;138;250)(179;109;57)
(1;81;186)(128;46;92)(67;188;7)(193;121;25)(235;220;184)(206;163;140)(242;106;90)
(246;23;143)(215;76;115)(45;219;69)(23;54;31)(179;37;26)
(253;175;80)(20;35;168)(143;98;39)(124;30;20)(137;243;23)
(242;148;129)(81;97;38)(220;96;20)(114;130;251)(60;130;117)
(177;36;117)(147;130;216)(72;70;24)(119;48;65)(81;167;63)
(156;17;146)(102;246;56)(20;221;251)(120;197;203)(206;157;164)
(52;194;104)(214;210;94)(249;38;104)(29;238;183)(179;38;25)
(34;113;218)(71;45;1)(0;248;251)(202;126;11)(107;61;71)
(183;19;228)(67;95;8)(194;76;231)(195;50;138)(127;179;216)(236;154;165)(48;51;45)
(85;220;215)(11;122;82)(158;63;54)(46;166;224)(253;54;12)
(21;209;188)(131;127;86)(92;44;3)(163;93;226)(159;229;109)
(95;179;119)(4;222;44)(5;200;47)(248;128;63)(18;111;153)
(126;135;46)(157;50;254)(244;174;71)(127;15;81)(248;8;188)
(65;94;220)(252;116;216)(78;137;28)(239;91;30)(17;240;100)
(1;219;60)(184;122;15)(153;1;191)(215;40;102)(101;145;24)
(143;144;108)(10;193;31)(24;68;12)(200;69;252)(204;214;209)
(168;11;221)(146;98;107)(230;173;204)(194;172;31)(237;99;115)(71;45;230)(254;252;73)
(96;247;83)(216;209;178)(122;252;250)(55;178;113)(226;252;11)
(125;95;61)(131;113;5)(16;58;59)(117;248;68)(53;74;3)
(228;94;240)(246;76;130)(201;106;95)(138;209;145)(249;185;37)
(169;108;212)(11;57;221)(226;53;197)(179;165;117)(115;183;204)
(87;30;199)(74;69;61)(67;116;13)(63;126;207)(1;35;179)
(84;181;202)(84;146;81)(84;250;31)(120;149;226)(71;253;41)
(212;12;13)(1;16;27)(16;58;119)(31;149;217)(113;162;240)
(166;242;77)(108;163;109)(61;134;56)(108;213;215)(13;136;211)(159;165;96)(202;1;170)
(231;37;45)(132;57;200)(173;213;248)(99;227;177)(46;61;163)
(104;54;160)(178;139;118)(166;147;165)(179;87;56)(251;82;76)
(11;25;11)(141;235;177)(161;207;43)(179;172;80)(115;56;24)
(3;72;108)(217;229;171)(119;180;238)(129;25;30)(34;211;55)
(14;186;172)(174;140;16)(178;135;162)(13;181;63)(129;125;117)
(56;4;47)(27;1;154)(68;96;234)(210;238;167)(92;64;19)
(81;152;41)(96;22;202)(98;6;98)(32;19;4)(246;19;106)
(71;246;150)(159;81;0)(129;129;172)(249;22;83)(73;91;74)(106;142;177)(3;104;126)
(244;138;83)(240;115;199)(221;134;238)(28;24;61)(166;85;79)
(24;224;26)(37;33;136)(141;171;173)(111;222;33)(161;120;92)
(181;107;250)(37;130;174)(187;239;94)(221;253;135)(96;70;186)
(158;42;114)(241;55;17)(61;168;169)(232;41;78)(0;111;123)
(116;163;83)(251;164;44)(242;154;178)(141;65;25)(77;13;48)
(168;128;235)(113;248;74)(149;91;103)(184;193;228)(38;228;233)
(46;27;6)(49;231;101)(207;40;38)(85;177;148)(85;88;72)
(217;84;48)(63;208;135)(49;243;233)(119;197;41)(57;251;72)(197;124;174)(234;119;228)
(109;48;44)(38;31;111)(98;183;20)(196;25;158)(236;198;105)
(243;152;80)(180;48;198)(56;35;107)(207;29;98)(48;253;103)
(205;244;134)(201;68;65)(117;34;2)(133;124;202)(58;79;238)
(162;179;51)(79;118;166)(47;44;55)(80;223;212)(164;60;152)
(112;113;49)(83;7;234)(179;170;123)(3;144;197)(181;98;170)
(83;102;41)(234;50;28)(32;176;56)(56;181;11)(210;147;221)
(0;85;146)(253;215;100)(21;23;81)(152;188;55)(200;233;154)
(182;79;118)(108;19;105)(216;56;242)(90;42;51)(94;131;161)(198;24;83)(156;157;107)
(252;188;113)(187;145;253)(251;244;14)(210;135;62)(74;207;8)
(157;215;129)(152;43;140)(65;111;33)(148;190;23)(166;94;222)
(196;55;91)(148;215;147)(203;166;139)(210;162;162)(163;254;196)
(134;39;202)(122;114;151)(59;250;52)(223;234;209)(247;4;228)
(239;207;90)(60;10;213)(180;134;142)(161;67;24)(22;20;163)
(51;76;32)(81;120;199)(217;140;36)(54;218;85)(217;205;137)
(160;11;131)(23;120;56)(238;143;178)(64;30;16)(1;180;200)
(158;107;226)(252;50;233)(39;103;97)(18;152;208)(44;112;67)(135;89;211)(170;228;32)
(16;12;60)(49;185;132)(95;147;87)(206;77;8)(114;82;122)
(112;213;41)(142;166;153)(151;229;225)(189;78;13)(111;57;60)
(91;6;92)(192;8;31)(70;43;179)(151;143;97)(164;90;167)
(41;92;5)(173;61;166)(224;62;141)(200;100;26)(153;128;177)
(57;108;240)(121;61;77)(71;208;74)(51;54;233)(207;124;1)
(117;114;72)(122;251;147)(233;204;137)(221;154;41)(194;191;68)
(254;57;1)(187;157;159)(221;105;13)(152;161;142)(9;109;76)
(145;86;171)(43;68;26)(49;117;125)(197;66;167)(217;123;12)(83;50;38)(4;230;200)
(105;229;93)(52;63;242)(195;5;31)(226;38;251)(219;176;118)
(59;15;80)(158;77;1)(73;250;164)(20;107;161)(137;52;137)
(119;97;43)(67;112;72)(205;160;49)(75;52;74)(240;66;144)
(125;157;190)(70;236;58)(168;154;103)(176;51;77)(40;202;2)
(130;54;179)(128;64;113)(39;79;163)(202;176;61)(4;179;89)
(68;2;51)(50;111;99)(254;240;52)(37;57;240)(212;156;3)
(156;116;96)(231;247;239)(0;112;105)(112;23;119)(75;154;21)
(26;41;153)(115;235;252)(129;139;53)(254;3;166)(223;226;50)(157;239;0)(245;90;11)
(34;33;6)(103;4;210)(22;43;72)(56;170;42)(52;4;50)
(245;175;80)(124;79;148)(203;158;176)(190;242;136)(161;7;10)
(110;78;214)(12;74;54)(3;171;85)(193;205;54)(161;176;236)
(221;20;238)(26;144;217)(28;2;21)(2;187;73)(84;101;46)
(37;131;4)(227;203;171)(113;187;103)(36;15;151)(225;4;235)
(219;160;29)(97;214;134)(249;161;224)(178;144;116)(126;104;25)
(82;127;134)(228;16;21)(81;146;175)(107;106;156)(222;83;128)
(205;153;14)(75;188;247)(154;154;74)(114;104;221)(158;30;52)(216;184;104)(162;127;118)
(50;236;176)(107;35;20)(71;174;53)(43;197;50)(125;14;131)
(91;173;15)(224;216;15)(37;189;188)(110;67;45)(168;194;66)
(98;29;116)(11;230;76)(161;245;247)(156;117;75)(209;80;139)
(148;68;202)(114;227;213)(252;204;102)(35;70;244)(160;12;102)
(247;179;82)(230;209;219)(137;49;22)(95;99;108)(232;101;177)
(30;181;35)(50;124;105)(87;181;72)(16;168;168)(127;61;127)
(96;152;7)(104;114;196)(234;63;8)(83;199;164)(174;174;197)
(215;158;253)(163;75;237)(253;158;233)(163;178;237)(78;228;193)(121;226;125)(91;241;200)
(63;132;231)(152;163;159)(234;213;227)(53;115;37)(89;39;227)
(48;44;128)(155;54;131)(124;115;48)(123;139;171)(0;43;39)
(66;135;180)(15;114;176)(36;252;192)(123;7;59)(113;250;152)
(187;219;154)(134;221;29)(46;47;37)(89;66;175)(198;142;133)
(210;140;117)(116;27;152)(15;88;165)(210;88;0)(3;106;232)
(192;12;224)(0;25;75)(81;94;15)(152;127;218)(99;88;50)
(48;11;167)(133;169;51)(195;32;254)(170;4;18)(72;167;195)
(100;95;167)(70;143;164)(137;19;173)(118;60;104)(161;232;27)(113;207;33)(32;152;96)
(98;76;229)(238;201;127)(154;56;155)(190;241;116)(125;17;149)
(246;234;103)(56;180;230)(91;180;136)(119;126;187)(20;45;251)
(72;238;122)(132;7;176)(76;226;53)(213;200;3)(15;21;224)
(52;182;197)(104;107;179)(5;221;47)(89;75;185)(177;18;48)
(148;46;137)(11;47;96)(83;249;32)(5;81;135)(116;61;28)
(202;85;137)(98;237;128)(101;6;116)(246;10;252)(239;142;250)
(48;173;126)(113;178;169)(19;185;38)(101;90;108)(207;113;209)
(231;64;84)(68;156;153)(93;156;188)(35;39;98)(54;86;189)(171;12;188)(65;20;70)
(176;139;51)(207;190;196)(102;27;235)(106;176;65)(253;75;78)
(229;60;47)(214;205;205)(198;62;184)(208;125;89)(122;148;93)
(20;97;104)(50;184;72)(125;20;2)(228;133;91)(164;197;204)
(185;241;92)(198;119;16)(27;12;242)(138;252;235)(114;248;7)
(237;28;66)(94;41;16)(76;44;132)(126;103;2)(229;187;115)
(131;7;239)(228;129;73)(181;92;126)(15;44;140)(200;96;73)
(205;205;242)(53;127;60)(159;32;10)(219;240;152)(241;95;6)
(178;230;152)(207;139;141)(103;128;7)(151;22;59)(184;248;25)(62;113;241)(151;0;104)
(231;16;185)(31;6;47)(33;188;163)(149;74;219)(163;247;24)
(231;222;119)(50;75;172)(75;103;206)(173;164;178)(135;148;181)
(96;242;89)(31;4;17)(234;182;208)(197;137;28)(17;187;144)
(49;209;174)(176;42;26)(89;21;226)(59;155;176)(38;183;7)
(91;73;56)(105;104;91)(159;243;121)(5;83;174)(96;120;232)
(252;94;16)(43;87;14)(40;174;176)(65;118;163)(138;101;134)
(149;58;199)(246;13;193)(94;196;178)(43;220;210)(187;171;103)
(96;231;240)(166;56;197)(110;28;231)(179;126;123)(156;117;31)(120;33;217)(247;180;129)
(2;96;214)(113;37;187)(144;250;97)(194;126;157)(149;24;245)
(88;234;41)(48;121;113)(242;152;111)(49;31;4)(42;160;88)
(141;164;80)(170;46;156)(131;0;70)(28;136;119)(137;146;133)
(8;191;84)(114;253;81)(104;235;169)(210;165;174)(171;13;220)
(219;132;76)(248;201;168)(153;44;27)(40;91;206)(13;135;174)
(30;121;208)(101;253;97)(119;165;191)(136;183;212)(132;137;209)
(55;164;77)(0;146;72)(209;92;226)(201;153;90)(18;81;5)
(154;15;94)(245;66;147)(246;49;145)(126;18;133)(201;10;13)(106;110;202)(207;54;132)
(68;23;89)(88;184;116)(161;71;51)(222;111;11)(152;181;166)
(204;137;159)(252;82;101)(174;154;9)(99;248;107)(254;254;200)
(96;78;230)(192;19;149)(252;135;71)(187;81;55)(85;205;44)
(223;243;26)(91;175;24)(28;9;187)(130;104;250)(146;170;218)
(184;128;155)(19;149;194)(134;32;253)(104;97;186)(8;62;4)
(136;94;10)(206;149;161)(84;247;252)(242;136;49)(113;228;178)
(115;134;155)(213;62;185)(246;39;165)(229;77;8)(37;86;16)
(135;97;184)(155;70;59)(104;67;221)(64;179;43)(74;121;147)(232;184;124)(88;220;90)
(166;104;131)(5;19;171)(214;254;117)(90;8;176)(152;187;97)
(242;147;45)(62;212;197)(28;189;145)(158;173;91)(56;69;175)
(143;43;29)(223;151;45)(130;24;80)(231;214;182)(132;100;195)
(226;246;156)(90;217;205)(211;167;107)(145;75;146)(46;175;210)
(28;44;5)(55;43;230)(128;33;191)(194;110;1)(187;148;22)
(185;211;192)(4;117;151)(126;206;147)(230;215;124)(80;232;13)
(181;79;113)(45;82;50)(76;208;196)(130;152;216)(86;49;123)
(56;20;127)(210;113;48)(227;1;106)(139;123;118)(16;70;249)(26;120;207)(139;181;35)
(197;55;133)(234;148;50)(156;176;11)(87;16;27)(248;128;105)
(223;170;235)(54;107;221)(163;154;7)(138;189;209)(227;229;207)
(79;10;2)(14;109;223)(21;58;68)(173;31;0)(40;84;198)
(26;71;31)(115;99;109)(196;250;1)(126;159;241)(2;105;183)
(249;57;104)(52;82;153)(100;253;166)(85;175;108)(48;194;27)
(61;23;219)(245;186;59)(246;146;90)(166;194;191)(140;199;148)
(65;144;219)(83;35;207)(55;252;29)(5;61;185)(214;190;92)
(102;9;211)(65;104;180)(185;143;8)(50;225;183)(248;33;201)(238;77;161)(51;48;128)
(240;65;198)(201;51;84)(7;143;2)(185;18;162)(203;74;231)
(244;110;198)(76;244;8)(191;174;50)(34;213;23)(72;216;121)
(144;79;174)(90;117;14)(77;11;180)(135;124;151)(107;27;71)
(28;70;216)(137;69;4)(143;100;180)(35;92;42)(179;166;149)
(15;251;6)(9;238;2)(190;224;74)(157;227;157)(236;187;31)
(157;139;63)(122;93;140)(14;121;102)(48;236;46)(81;147;65)
(40;26;111)(232;210;62)(221;107;121)(95;222;248)(177;6;249)
(98;181;223)(114;191;193)(66;46;191)(79;160;7)(226;63;117)(137;123;87)(83;128;3)
(251;136;170)(37;105;247)(115;212;115)(183;47;86)(66;107;244)
(38;47;37)(51;25;49)(221;226;84)(81;204;43)(145;158;203)
(77;156;252)(160;227;217)(211;244;43)(113;18;46)(161;155;166)
(137;44;208)(32;39;225)(146;243;68)(195;146;159)(117;139;155)
(237;131;203)(165;199;136)(138;68;127)(168;151;131)(145;135;180)
(181;192;249)(169;192;161)(3;235;110)(140;96;247)(212;190;64)
(6;81;165)(183;199;184)(9;225;6)(25;140;198)(52;25;141)
(60;151;243)(117;123;161)(131;248;182)(1;198;47)(85;221;73)(23;185;179)(29;21;227)
(200;205;64)(82;48;185)(81;41;108)(125;90;138)(127;213;197)
(183;190;79)(245;121;202)(36;226;215)(171;109;32)(188;91;234)
(164;22;164)(96;160;65)(136;24;140)(44;7;114)(162;25;217)
(86;59;124)(49;94;146)(253;174;29)(206;138;203)(142;34;61)
(24;202;160)(81;195;66)(196;28;189)(237;17;228)(195;48;10)
(193;206;5)(26;200;184)(216;119;137)(22;173;151)(44;28;149)
(113;61;224)(201;162;200)(39;212;57)(130;254;47)(133;90;147)
(78;234;100)(75;153;96)(86;244;242)(114;54;172)(228;116;109)(238;161;253)(143;180;217)
(232;91;247)(145;8;90)(81;103;59)(133;34;118)(202;109;211)
(137;17;74)(90;182;62)(243;40;68)(214;32;148)(15;154;34)
(71;191;76)(4;123;194)(179;50;34)(57;200;159)(183;157;230)
(83;208;234)(148;101;225)(182;245;125)(229;52;15)(100;114;12)
(253;8;237)(83;71;174)(241;16;192)(99;2;160)(126;11;111)
(39;193;234)(204;92;4)(176;36;124)(129;128;205)(162;38;148)
(110;51;113)(178;41;154)(196;146;164)(250;187;192)(185;227;47)
(210;164;64)(162;120;192)(82;18;68)(124;26;8)(136;74;133)(128;93;203)(3;76;98)
(7;138;156)(106;190;198)(173;50;217)(36;246;224)(109;41;17)
(207;64;196)(104;153;182)(141;154;135)(186;173;208)(18;184;34)
(23;163;67)(213;45;191)(226;119;211)(244;201;202)(133;161;2)
(132;176;171)(186;207;1)(178;162;167)(161;252;155)(40;252;31)
(117;17;228)(246;61;225)(219;108;27)(171;236;223)(42;59;213)
(196;233;135)(40;244;151)(3;195;205)(240;76;191)(31;207;189)
(76;177;23)(21;62;234)(216;64;196)(85;252;186)(125;210;80)
(64;142;183)(55;101;4)(195;245;97)(70;25;152)(86;24;234)(231;24;28)(81;196;131)
(180;157;149)(76;210;53)(12;224;221)(239;156;55)(154;135;198)
(151;133;113)(233;190;204)(219;119;55)(76;186;67)(190;215;173)
(209;232;52)(245;237;127)(70;234;25)(53;84;153)(33;232;111)
(225;172;159)(194;144;73)(69;117;214)(38;116;10)(211;189;234)
(82;129;191)(140;137;152)(18;224;6)(171;114;11)(12;94;212)
(59;127;1)(107;201;96)(161;232;3)(209;8;112)(188;146;234)
(217;194;113)(89;8;173)(177;109;123)(52;185;227)(52;171;14)
(175;188;65)(31;187;101)(207;62;189)(67;16;3)(144;122;183)(44;22;116)(71;60;118)
(199;169;227)(95;218;9)(146;237;160)(82;123;54)(45;54;90)
(76;76;26)(119;89;232)(122;160;111)(4;105;47)(8;32;3)
(169;222;84)(251;118;228)(129;171;22)(177;29;143)(124;61;88)
(126;19;217)(63;194;199)(4;31;98)(231;48;97)(219;83;57)
(213;250;182)(193;84;206)(39;113;82)(252;80;173)(217;40;173)
(96;76;61)(131;89;6)(14;224;191)(58;186;228)(29;120;113)
(179;41;138)(57;152;74)(52;157;50)(109;189;117)(81;85;211)
(99;234;201)(115;67;72)(208;97;129)(194;149;158)(248;103;252)(83;17;163)(177;138;159)
(147;73;48)(42;217;94)(181;66;29)(85;179;143)(73;217;209)
(232;4;194)(76;65;117)(52;240;155)(161;193;172)(4;93;37)
(111;183;250)(224;98;80)(58;47;221)(88;61;126)(217;6;116)
(104;31;68)(4;1;145)(155;126;114)(144;189;235)(94;13;26)
(155;110;27)(148;148;187)(132;138;66)(81;234;250)(54;122;3)
(144;92;119)(166;24;208)(122;32;115)(168;111;112)(63;113;82)
(29;80;1)(156;3;150)(47;214;128)(90;84;59)(186;154;150)
(217;236;22)(10;5;201)(229;204;218)(232;1;42)(132;86;35)(187;54;118)(92;76;25)
(164;0;94)(136;204;126)(109;250;250)(41;225;35)(163;18;215)
(42;48;137)(216;100;62)(80;182;195)(94;124;254)(77;220;204)
(119;50;90)(202;188;164)(13;253;245)(196;210;252)(19;34;165)
(13;57;221)(102;67;251)(109;108;140)(133;2;124)(157;150;181)
(62;4;38)(40;34;53)(31;104;98)(95;52;64)(89;119;83)
(29;160;203)(89;188;240)(233;23;49)(36;30;180)(244;13;154)
(112;121;139)(173;149;119)(83;123;130)(229;77;154)(204;50;172)
(207;21;230)(87;38;26)(141;190;85)(175;69;63)(254;242;50)(89;118;95)(126;197;79)
(16;141;124)(176;141;124)(18;102;99)(31;161;144)(200;95;66)
(167;98;202)(127;233;128)(26;12;21)(149;146;232)(21;207;5)
(244;32;216)(183;47;138)(223;86;72)(187;52;184)(43;191;5)
(175;234;20)(111;107;92)(59;145;206)(143;137;3)(58;142;93)
(169;116;137)(221;103;112)(163;198;15)(184;145;250)(129;253;215)
(213;50;235)(185;53;189)(196;8;75)(95;98;2)(166;248;248)
(107;26;246)(224;151;159)(212;205;174)(6;217;127)(118;53;96)
(4;180;196)(165;211;111)(230;11;165)(91;22;12)(158;224;87)(200;204;73)(67;160;71)
(117;178;111)(80;120;32)(54;28;82)(149;213;219)(85;50;114)
(61;140;158)(111;83;91)(83;65;22)(192;48;111)(40;139;26)
(216;70;144)(61;11;78)(33;174;164)(137;218;28)(124;26;147)
(103;32;223)(48;81;198)(195;198;84)(36;141;240)(173;248;190)
(161;210;130)(49;45;212)(30;105;24)(144;20;31)(54;200;104)
(113;95;129)(31;13;96)(206;11;179)(27;83;56)(95;218;9)
(107;52;138)(150;241;76)(184;235;11)(227;46;1)(90;176;103)
(8;53;64)(181;66;226)(89;202;30)(37;233;144)(91;153;171)(19;33;33)(159;237;230)
(3;213;120)(87;18;15)(232;126;245)(44;13;75)(140;218;31)
(23;169;63)(127;11;241)(50;231;74)(119;20;125)(117;23;85)
(246;190;218)(132;68;138)(205;171;74)(212;169;226)(104;152;72)
(180;107;70)(116;116;35)(183;18;50)(51;173;175)(61;190;64)
(29;195;112)(45;185;154)(35;154;208)(243;11;242)(20;251;91)
(0;111;111)(243;197;116)(221;182;14)(6;242;139)(164;7;171)
(241;229;140)(14;141;68)(250;71;240)(136;0;17)(172;250;117)
(238;17;116)(188;36;209)VideoPlayer is turned off